%YAML:1.0 # need to specify the file type at the top!

cam0:
  T_imu_cam:
    - [ 0.008, 0.002, 1.000, 0.042]
    - [-1.000,-0.021, 0.008, 0.077]
    - [ 0.021,-1.000, 0.002,-0.017]
    - [ 0.000, 0.000, 0.000, 1.000]
  cam_overlaps: [1]
  camera_model: pinhole
  distortion_coeffs: [0.22718,0.18134,0.12525,0.12879]
  distortion_model: equidistant
  intrinsics: [869.379,871.834,619.325,534.397]
  resolution: [1280, 1024]
  rostopic: /left_camera/image/compressed
  timeshift_cam_imu: 0.01209
cam1:
  T_imu_cam:
    - [ 0.003, 0.003, 1.000, 0.042]
    - [-1.000,-0.006, 0.003,-0.026]
    - [ 0.006,-1.000, 0.003,-0.016]
    - [ 0.000, 0.000, 0.000, 1.000]
  cam_overlaps: [1]
  camera_model: pinhole
  distortion_coeffs: [0.22843,0.18686,0.11947,0.11895]
  distortion_model: equidistant
  intrinsics: [868.738,871.039,626.625,533.334]
  resolution: [1280, 1024]
  rostopic: /right_camera/image/compressed